       200      1497      3708        13    25.0000000000     -0.999986225655      0.250000225659       20.8014061636      0.999999999999     0
   2.00000000000      -90.0000000000           1      99       1  -3.69275639500    
   2.00000000000      -82.9899497487           1      99       1  -1.94607245236    

   2.00000000000      -82.9899497487           2      99       2  -1.94606373367    
   2.00000000000      -70.7788944724           2      99       2   1.10669412226    

   2.00000000000      -70.7788944724           3      99       3   1.10669765897    
   2.00000000000      -65.3517587940           3      99       3   2.46347926654    

   2.00000000000      -65.3517587940           5      99       4   2.46348471551    
   2.00000000000      -44.5477386935           5      99       4   7.66448898629    

   2.00000000000      -44.5477386935           7      99       5   7.66449254792    
   2.00000000000     -0.678391959799           7      99       5   18.6318355692    

   2.00000000000     -0.678391959799          10      99       6   18.6318301866    
   2.00000000000       0.00000000000          10      99       6   18.8014313751    

   2.00000000000       0.00000000000          10      99       7   18.8014313751    
   12.0000000000       0.00000000000          10      99       7   8.80156932423    

   12.0000000000       0.00000000000          10      99       8   8.80156932423    
   12.0000000000     -0.678391959799          10      99       8   8.63197331270    

   12.0000000000     -0.678391959799          11      99       9   8.63196815160    
   12.0000000000      -70.7788944724          11      99       9  -8.89316813429    

   12.0000000000      -70.7788944724          12      99      10  -8.89316172256    
   12.0000000000      -75.3015075377          12      99      10  -10.0238224212    

   12.0000000000      -75.3015075377           2      99      11  -10.0238289181    
   12.0000000000      -82.9899497487           2      99      11  -11.9459347089    

   12.0000000000      -82.9899497487           1      99      12  -11.9459464854    
   12.0000000000      -90.0000000000           1      99      12  -13.6926630994    

   12.0000000000      -90.0000000000           1      99      13  -13.6926630994    
   2.00000000000      -90.0000000000           1      99      13  -3.69275639500    

   2.00000000000      -82.9899497487           1       2      14  -1.94606373367    
   12.0000000000      -82.9899497487           1       2      14  -11.9459347089    

   2.00000000000      -70.7788944724           2       3      16   1.10669765897    
   2.62814070352      -70.7788944724           2       3      16  0.478562070963    

   2.00000000000      -65.3517587940           3       5      17   2.46348471551    
   2.35175879397      -65.3517587940           3       5      17   2.11172531782    
   2.40201005025      -65.8040201005           3       5      17   1.94840932503    
   2.57788944724      -65.8040201005           3       5      17   1.77253235067    

   2.00000000000      -44.5477386935           5       7      18   7.66449254792    
   2.12562814070      -44.5477386935           5       7      18   7.53886257604    

   2.00000000000     -0.678391959799           7      10      19   18.6318301866    
   2.12562814070     -0.678391959799           7      10      19   18.5062091590    

   12.0000000000     -0.678391959799          10      11      20   8.63196815160    
   11.0201005025     -0.678391959799          10      11      20   9.61185931273    

   12.0000000000      -70.7788944724          11      12      21  -8.89316172256    
   11.7487437186      -69.4221105528          11      12      21  -8.30271902771    
   11.6482412060      -69.4221105528          11      12      21  -8.20221789947    
   11.2964824121      -67.6130653266          11      12      21  -7.39820223604    
   11.1959798995      -67.6130653266          11      12      21  -7.29770110779    
   11.0201005025      -66.7085427136          11      12      21  -6.89569327605    

   12.0000000000      -75.3015075377           2      12      22  -10.0238289181    
   11.9497487437      -74.8492462312           2      12      22  -9.86050642838    
   11.5477386935      -74.8492462312           2      12      22  -9.45850191561    
   11.4974874372      -74.3969849246           2      12      22  -9.29518592278    
   11.0954773869      -74.3969849246           2      12      22  -8.89318140990    
   11.0452261307      -73.9447236181           2      12      22  -8.72986541720    
   10.5929648241      -73.9447236181           2      12      22  -8.27761034020    
   10.5427135678      -73.4924623116           2      12      22  -8.11429434740    
   10.1407035176      -73.4924623116           2      12      22  -7.71228983462    
   10.0904522613      -73.0402010050           2      12      22  -7.54897384180    
   9.63819095477      -73.0402010050           2      12      22  -7.09671876487    
   9.58793969849      -72.5879396985           2      12      22  -6.93340277209    
   9.41206030151      -72.5879396985           2      12      22  -6.75752579773    

   2.62814070352      -70.7788944724           3       4      23  0.478562070963    
   2.62814070352      -66.4824120603           3       4      23   1.55268364353    
   2.57788944724      -65.8040201005           3       4      23   1.77253235067    

   2.62814070352      -70.7788944724           2       4      24  0.478562070963    
   6.17085427136      -70.7788944724           2       4      24  -3.06410269832    
   6.22110552764      -71.2311557789           2       4      24  -3.22741869110    
   7.27638190955      -71.2311557789           2       4      24  -4.28268053727    
   7.32663316583      -71.6834170854           2       4      24  -4.44599653005    
   8.18090452261      -71.6834170854           2       4      24  -5.30025611980    
   8.23115577889      -72.1356783920           2       4      24  -5.46357211261    
   8.98492462312      -72.1356783920           2       4      24  -6.21733057417    
   9.03517587940      -72.5879396985           2       4      24  -6.38064656696    
   9.41206030151      -72.5879396985           2       4      24  -6.75752579773    

   2.57788944724      -65.8040201005           4       5      25   1.77253235067    
   3.00502512563      -65.8040201005           4       5      25   1.34540255579    
   3.05527638191      -66.2562814070           4       5      25   1.18208656301    
   3.65829145729      -66.2562814070           4       5      25  0.579079793766    
   3.70854271357      -66.7085427136           4       5      25  0.415763800957    
   4.26130653266      -66.7085427136           4       5      25 -0.136992404174    
   4.31155778894      -67.1608040201           4       5      25 -0.300308396957    
   4.86432160804      -67.1608040201           4       5      25 -0.853064602098    
   4.91457286432      -67.6130653266           4       5      25  -1.01638059488    
   5.46733668342      -67.6130653266           4       5      25  -1.56913680002    
   5.51758793970      -68.0653266332           4       5      25  -1.73245279283    
   6.07035175879      -68.0653266332           4       5      25  -2.28520899796    
   6.12060301508      -68.5175879397           4       5      25  -2.44852499075    
   6.67336683417      -68.5175879397           4       5      25  -3.00128119589    
   6.72361809045      -68.9698492462           4       5      25  -3.16459718867    
   7.27638190955      -68.9698492462           4       5      25  -3.71735339381    
   7.32663316583      -69.4221105528           4       5      25  -3.88066938662    
   7.87939698492      -69.4221105528           4       5      25  -4.43342559175    
   7.92964824121      -69.8743718593           4       5      25  -4.59674158454    
   8.48241206030      -69.8743718593           4       5      25  -5.14949778967    
   8.53266331658      -70.3266331658           4       5      25  -5.31281378246    
   8.95979899497      -70.3266331658           4       5      25  -5.73994357733    

   2.12562814070      -44.5477386935           7       8      26   7.53886257604    
   2.12562814070     -0.678391959799           7       8      26   18.5062091590    

   2.12562814070      -44.5477386935           5       8      27   7.53886257604    
   2.25125628141      -44.5477386935           5       8      27   7.41323616577    
   2.30150753769      -45.0000000000           5       8      27   7.24992017299    
   2.45226130653      -45.0000000000           5       8      27   7.09916848068    
   2.50251256281      -45.4522613065           5       8      27   6.93585248790    
   2.70351758794      -45.4522613065           5       8      27   6.73485023148    
   2.75376884422      -45.9045226131           5       8      27   6.57153423867    
   2.90452261307      -45.9045226131           5       8      27   6.42078254636    
   2.95477386935      -46.3567839196           5       8      27   6.25746655357    
   3.15577889447      -46.3567839196           5       8      27   6.05646429716    
   3.20603015075      -46.8090452261           5       8      27   5.89314830438    
   3.35678391960      -46.8090452261           5       8      27   5.74239661206    
   3.40703517588      -47.2613065327           5       8      27   5.57908061926    
   3.60804020101      -47.2613065327           5       8      27   5.37807836284    
   3.65829145729      -47.7135678392           5       8      27   5.21476237005    
   3.80904522613      -47.7135678392           5       8      27   5.06401067775    
   3.85929648241      -48.1658291457           5       8      27   4.90069468497    
   4.06030150754      -48.1658291457           5       8      27   4.69969242855    
   4.11055276382      -48.6180904523           5       8      27   4.53637643574    
   4.26130653266      -48.6180904523           5       8      27   4.38562474343    
   4.31155778894      -49.0703517588           5       8      27   4.22230875065    
   4.51256281407      -49.0703517588           5       8      27   4.02130649423    
   4.56281407035      -49.5226130653           5       8      27   3.85799050145    
   4.71356783920      -49.5226130653           5       8      27   3.70723880913    
   4.76381909548      -49.9748743719           5       8      27   3.54392281632    
   4.96482412060      -49.9748743719           5       8      27   3.34292055992    
   5.01507537688      -50.4271356784           5       8      27   3.17960456713    
   5.16582914573      -50.4271356784           5       8      27   3.02885287482    
   5.21608040201      -50.8793969849           5       8      27   2.86553688203    
   5.41708542714      -50.8793969849           5       8      27   2.66453462562    
   5.46733668342      -51.3316582915           5       8      27   2.50121863281    
   5.61809045226      -51.3316582915           5       8      27   2.35046694050    
   5.66834170854      -51.7839195980           5       8      27   2.18715094772    
   5.86934673367      -51.7839195980           5       8      27   1.98614869130    
   5.91959798995      -52.2361809045           5       8      27   1.82283269852    
   6.07035175879      -52.2361809045           5       8      27   1.67208100621    
   6.12060301508      -52.6884422111           5       8      27   1.50876501339    
   6.32160804020      -52.6884422111           5       8      27   1.30776275698    
   6.37185929648      -53.1407035176           5       8      27   1.14444676420    
   6.52261306533      -53.1407035176           5       8      27  0.993695071885    
   6.57286432161      -53.5929648241           5       8      27  0.830379079101    
   6.74874371859      -53.5929648241           5       8      27  0.654502104745    

   2.12562814070     -0.678391959799           8      10      28   18.5062091590    
   6.74874371859     -0.678391959799           8      10      28   13.8831572615    

   11.0201005025     -0.678391959799           9      10      29   9.61185931273    
   6.74874371859     -0.678391959799           9      10      29   13.8831572615    

   11.0201005025     -0.678391959799           9      11      30   9.61185931273    
   11.0201005025      -66.7085427136           9      11      30  -6.89569327605    

   11.0201005025      -66.7085427136           9      12      31  -6.89569327605    
   10.9447236181      -66.7085427136           9      12      31  -6.82031742992    
   10.8944723618      -66.2562814070           9      12      31  -6.65700143709    
   10.6934673367      -66.2562814070           9      12      31  -6.45599918070    
   10.6432160804      -65.8040201005           9      12      31  -6.29268318790    
   10.4924623116      -65.8040201005           9      12      31  -6.14193149563    
   10.4422110553      -65.3517587940           9      12      31  -5.97861550283    
   10.2412060302      -65.3517587940           9      12      31  -5.77761324644    
   10.1909547739      -64.8994974874           9      12      31  -5.61429725361    
   10.0402010050      -64.8994974874           9      12      31  -5.46354556125    
   9.98994974874      -64.4472361809           9      12      31  -5.30022956848    
   9.78894472362      -64.4472361809           9      12      31  -5.09922731208    
   9.73869346734      -63.9949748744           9      12      31  -4.93591131929    
   9.58793969849      -63.9949748744           9      12      31  -4.78515962698    
   9.53768844221      -63.5427135678           9      12      31  -4.62184363417    
   9.33668341709      -63.5427135678           9      12      31  -4.42084137776    
   9.28643216080      -63.0904522613           9      12      31  -4.25752538497    
   9.13567839196      -63.0904522613           9      12      31  -4.10677369266    
   9.08542713568      -62.6381909548           9      12      31  -3.94345769988    
   8.95979899497      -62.6381909548           9      12      31  -3.81783128961    

   9.41206030151      -72.5879396985           4      12      32  -6.75752579773    
   9.41206030151      -71.9095477387           4      12      32  -6.58792765469    
   9.28643216080      -70.7788944724           4      12      32  -6.17963767271    
   9.03517587940      -70.7788944724           4      12      32  -5.92838485220    
   8.95979899497      -70.3266331658           4      12      32  -5.73994357733    

   8.95979899497      -70.3266331658           5      12      33  -5.73994357733    
   8.95979899497      -62.6381909548           5      12      33  -3.81783128961    

   6.74874371859      -53.5929648241           8       9      34  0.654502104745    
   6.74874371859     -0.678391959799           8       9      34   13.8831572615    

   6.74874371859      -53.5929648241           5       9      35  0.654502104745    
   6.77386934673      -54.0452261307           5       9      35  0.516311393987    
   6.87437185930      -54.0452261307           5       9      35  0.415810265773    
   7.22613065327      -55.8542713568           5       9      35 -0.388205397703    
   7.32663316583      -55.8542713568           5       9      35 -0.488706525907    
   7.67839195980      -57.6633165829           5       9      35  -1.29272218938    
   7.77889447236      -57.6633165829           5       9      35  -1.39322331759    
   8.13065326633      -59.4723618090           5       9      35  -2.19723898106    
   8.23115577889      -59.4723618090           5       9      35  -2.29774010927    
   8.58291457286      -61.2814070352           5       9      35  -3.10175577277    
   8.68341708543      -61.2814070352           5       9      35  -3.20225690098    
   8.95979899497      -62.6381909548           5       9      35  -3.81783128961    

